001736
005203
002375
000601
007410
005383
003156
000654
007067
000412
003225
002543
006873
001339
002624
007132
005069
004118
004769
002177
007085
002074
005762
003822
003197
002671
002528
005296
001351
004849
000283
001422
007462
004869
007155
005663
003884
001770
004654
002750
003964
005907
006321
000716
000785
000035
006820
005261
005821
002982
001412
002838
002544
000394
007245
003565
004120
006870
004984
004420
005453
007463
007017
006543
006562
006118
003948
002823
002085
005553
007461
002196
001484
003386
002078
003664
006854
004704
005476
006917
005751
000224
001632
002313
000967
005917
005074
001739
001947
007321
006677
006010
003877
002935
006456
006643
002588
007436
005906
000592
004188
001163
001672
005645
006914
006835
002256
001039
006945
000333
005495
006131
005570
005475
000041
003413
002389
003454
007215
004115
002904
004607
001116
000782
001387
004802
005174
006675
004484
001448
000278
001166
005787
005025
007275
001606
004783
003737
007027
002210
001368
003364
001834
004269
001552
005638
000909
002352
006281
000995
004801
007023
004629
006800
000829
003016
006627
004086
000966
005198
003721
005571
004895
006741
005902
002538
001637
007100
005246
002242
002045
002355
007193
004645
004667
002724
001074
006809
003861
003971
002484
001138
007181
007093
003096
005611
006510
005179
003416
002878
002735
005621
004642
006507
000854
005675
006343
004414
002135
004797
005371
005603
006887
007147
003961
005539
001110
003051
007243
002022
000085
006226
000901
005644
003284
001517
000176
002749
004356
000650
005871
001732
005163
006857
003977
007024
002133
005056
000027
000234
001360
003044
001164
006946
003131
001611
003132
006121
000228
004796
007316
003974
004006
004229
006705
006061
006536
006334
000989
002246
006712
006874
001096
000862
003668
000350
001406
004791
006988
000457
007359
001597
005260
005090
004029
004182
002534
001226
000098
000102
005449
000797
005630
006301
000735
002333
003553
002428
004933
006763
003457
003446
003263
001860
002496
005580
001068
002731
001002
005604
003641
006713
001756
005355
006167
007277
005838
005241
005825
003814
005068
000567
003498
006526
002148
004285
000477
000720
004260
000191
005714
002479
000779
000674
002905
005107
001205
001724
003501
001748
002017
001277
000139
003710
003341
003488
000059
005426
003079
004281
004810
006052
003941
002454
005541
002154
003756
004745
000143
006213
001090
000853
002955
004305
005130
004430
006289
002517
004549
001689
000289
004581
006961
004622
000400
001119
002766
001830
006485
000321
000983
001443
000686
006340
000478
006291
006162
006957
001349
000502
003818
004700
003990
005740
002729
007356
001480
001249
005017
000824
004679
001768
006702
002768
004547
003691
004544
005978
003536
007197
006847
003091
000327
007115
000108
006991
001168
006563
000591
007183
001024
005909
004078
006362
000377
005894
007435
007172
005868
000060
001887
000099
002439
006836
003300
005920
000754
003951
005380
003186
003053
007294
001865
002518
007437
000314
003396
002205
003208
002586
004669
005064
001279
003073
005171
000147
006031
004303
003942
002698
002071
006727
000500
006681
007381
005708
003508
006101
006967
002089
006460
001238
000107
002743
000801
004394
000168
003130
002635
006783
005619
002161
003234
000680
000976
000281
002801
007165
001808
002836
006547
002060
001767
005832
003324
003904
006175
005818
005707
000784
004665
007015
006786
000233
005370
000287
002130
000293
005899
006716
006866
000338
007382
007403
000905
006532
001538
001055
001599
006258
000930
005254
006260
000152
001243
005150
004422
005141
004692
000623
004458
000037
001849
001619
000963
000882
003761
001364
003337
004825
000006
005194
001780
002323
004501
000903
001197
002227
006004
003160
004865
002778
005776
005551
002182
006803
006388
000838
003315
004193
004041
003635
002481
003875
006719
006501
006751
005050
006476
002558
004151
007057
003637
005322
001817
002072
001011
002114
003211
001648
001333
003239
000116
004721
007334
000641
004806
002268
002929
003115
006419
003753
002818
004985
003771
003728
007007
004265
003328
003379
005184
005693
001459
007052
006274
005451
003099
000529
000992
003138
007120
007469
004787
005386
003541
004579
000450
006133
000194
003306
005911
001547
006155
000752
000405
004940
001512
005669
001788
005709
004942
000111
002113
003483
001363
005737
006217
006816
002427
005193
001784
004638
001891
000437
000875
006973
001966
006029
006895
000181
000067
002368
006361
005866
003856
001028
005433
000418
005504
007378
001106
000167
002694
004037
000503
000731
000682
005712
005052
004447
005538
006671
002292
002040
000367
002877
007139
006564
002568
004038
006180
001823
005103
005967
006079
000626
003139
004979
005048
006557
001821
003366
005522
002062
007278
000310
005646
005796
001654
006336
005532
002843
002512
005822
002980
004053
005536
007053
002819
004067
000855
005958
000870
005961
007330
005482
006869
002737
005277
007029
006550
000957
007141
005295
006045
004411
003270
003042
006232
002342
004237
002244
002858
001084
006993
001504
004169
004198
004149
000533
001529
001117
007089
005948
000746
005070
001593
006479
000286
006881
007287
005106
004606
005823
005610
003926
002447
006660
003992
006307
005009
004196
001622
003910
004201
004545
007061
005812
004938
006513
004343
000253
003277
003230
004822
007157
005677
003972
004245
006040
000090
001075
005330
005861
005213
001275
002297
001037
001581
002892
005032
006541
001917
004641
004307
001491
003391
000678
000786
002178
003076
004145
007350
004722
005274
006412
003165
005412
003220
005247
005593
000061
004121
003864
000044
006494
002397
002179
003718
001433
003705
004208
001159
006584
001495
005592
005375
001705
004007
005813
005059
006263
002275
005692
005858
005029
000214
001991
002448
001482
007226
000852
000113
004890
005160
001415
006840
004497
000635
001693
007385
004454
006970
005614
001121
003556
003616
004210
001500
001485
007021
001800
004030
001281
005423
002055
006890
001052
001142
000631
001649
000173
005557
004399
004134
005993
002079
000352
005847
001373
003543
001548
005180
001573
003179
003487
000091
005924
002073
002537
000440
001324
000272
003353
003150
005921
002923
007154
001316
002380
001832
000902
003963
000404
005470
001803
005245
001040
003500
004132
005263
000925
002122
006827
001152
002233
000087
001942
001578
002601
006892
005734
001260
000487
000084
003400
004971
000151
000403
000805
001713
004225
005390
000092
006140
002947
005166
006497
002039
003571
001315
004040
007447
000156
002272
000714
005300
001284
006861
000578
006934
006272
007255
000536
000312
004291
003505
004279
006002
005320
006855
003578
005006
005338
001979
005284
001216
002592
000123
006864
004854
001497
007194
004413
004932
001186
004872
001211
002678
007444
005469
002492
003095
001653
001787
003548
006537
004633
004681
001460
001745
004137
006979
004743
007001
002800
004202
002529
005843
002409
003484
000332
001514
006264
002949
001893
003995
004228
002125
001009
007296
002909
005992
003532
001843
007451
001397
002747
007401
000271
007161
001394
003830
005259
003707
000096
004123
002031
005696
007358
007402
000523
001658
006734
005642
004340
007300
005741
004585
000790
000022
002273
006354
005756
004608
000615
001859
000618
002425
003419
001743
000070
004711
001367
004904
004164
001445
005789
002097
002413
003008
004255
001613
006500
000761
001188
001553
004928
005779
005928
000691
006353
002362
005844
001376
000213
003883
006051
002625
000216
002578
001775
001175
003991
004283
002101
004573
005670
003451
005101
005418
002014
004372
006492
006471
000544
000119
000755
000851
001446
000124
002050
001424
003357
005366
003546
000145
006134
005855
006385
002754
001539
001662
002772
000065
001458
003094
005113
006759
002310
002274
001591
005164
005781
006126
003180
006918
006097
004670
007471
005956
002158
002024
002490
004131
006572
005912
003733
005817
001258
006387
003195
004718
000379
000776
005136
000001
005148
005350
007309
002164
002994
000920
003189
001087
004868
000328
002319
007016
004902
000662
001660
001820
002034
000388
005002
004593
005211
002942
003279
005094
005820
007272
003848
002664
000773
004429
000395
003584
007096
002288
007084
001245
000999
005828
002734
004707
004342
004832
003871
005331
003370
004489
005919
001930
006141
002381
006071
006899
004024
004366
001298
003414
000810
005227
006125
005202
001925
000664
005003
003656
002349
003471
001740
006672
000406
000611
000985
006104
000250
004315
005718
003174
000324
005782
006708
001738
004603
007222
003965
002315
006003
004572
003245
001520
001976
002223
000509
003030
000025
007022
005237
006432
004767
006806
001112
002688
000803
006382
006396
004491
000164
006725
007002
003797
002514
003340
000638
002151
004949
006211
001010
002215
006999
001666
003363
004369
003316
004126
004471
000577
000209
002539
006091
003193
005952
000311
002546
002582
004568
002121
002042
004220
004097
006871
000593
007439
003061
007383
007315
000845
006648
004631
002653
005535
006252
005770
002725
006520
001663
007465
001612
006316
006094
001456
005564
005729
004256
002928
006026
000386
002295
002884
005460
003068
002722
006445
000881
000018
000613
007474
001007
002305
004033
003998
000587
001668
003607
002502
003832
002521
000621
001361
005145
006850
007134
004301
002143
000183
007070
004179
005189
004048
002287
003461
006152
003596
007036
002363
001155
007366
006277
002642
001712
007145
004235
004896
005301
001610
004111
006015
001543
003478
006634
001515
000730
000071
007240
001921
002090
006482
004879
006832
004480
007191
002616
006754
000633
000798
002506
007338
004157
003269
003411
003897
005581
004664
003172
003275
005688
007256
004185
000130
000195
006556
004955
000341
004456
002607
002012
005340
006426
000256
006183
001502
006311
002441
002926
001066
004443
000743
000911
006209
004517
006960
001239
000547
004530
001337
005000
005389
002429
004212
004056
000162
002449
003919
006218
006267
007126
005950
004080
003795
001906
000296
004792
002054
006826
003209
002047
001564
000915
006207
006347
003231
006808
003489
004698
005622
007047
001856
004385
005702
005862
003933
003929
001391
006821
005035
000843
000040
000704
001638
003442
004588
004978
005503
004845
003542
000921
004614
001951
006825
005809
003813
000122
000334
006197
000202
001764
002204
005671
004043
000513
006379
000996
004439
004760
004582
001291
001952
006047
002213
006968
002752
003287
001883
002270
005991
003697
007144
004314
002596
007186
002887
007478
007078
003048
001833
002214
007335
003310
005440
003415
002974
005736
004327
001602
002498
002028
000868
003988
002257
005372
004358
001255
004400
006350
000485
007035
001123
000383
006204
006384
006070
003308
003445
001189
005464
003982
006270
002183
007424
001411
004479
004194
004592
004485
000246
000936
005394
002770
006068
005649
006284
003928
006357
006424
000866
004077
000110
007353
006422
004786
007073
000814
005467
005065
001710
001005
002718
005015
006602
006624
001271
000760
006877
004230
001108
006165
004980
002109
004605
007283
006661
005634
004206
003980
003712
005981
000511
003147
001878
000423
003293
004453
007433
004070
002556
002192
002891
006559
001399
002160
005315
002396
007000
000447
006443
002482
007008
002748
004478
002201
000700
001533
001379
006205
002440
000588
004527
007025
006069
003985
001790
006220
006880
000844
003049
005785
006276
004474
000451
004886
000783
000138
003768
000238
001844
004919
001201
005583
004774
000939
005554
006014
006009
006314
005231
001771
005815
003783
003352
005544
006171
002867
006549
001101
004227
005888
006903
003627
004355
005753
000148
001144
004072
006397
005115
001708
003253
007441
001177
005425
002395
004839
002930
004793
006186
002872
003428
001914
006150
001487
006875
001125
000184
001898
002035
001509
000031
003397
005167
001200
003069
003949
001371
000723
007393
001596
007397
000177
005210
006654
006560
003909
004065
002674
001380
003507
006530
002549
001430
002992
006628
001938
004407
004101
007455
006312
003666
005112
001345
006122
006149
000899
005930
006788
002200
003545
006797
000117
002793
003757
003235
002579
001343
002603
001749
000787
006963
006843
007318
004152
007429
004290
005098
000131
003620
000891
002762
006771
004044
003826
002181
004757
006283
004027
004525
003882
003319
001447
001886
006839
003175
006019
003405
005373
002968
004382
003212
004124
002557
006798
006593
003661
005795
007135
004214
003248
007399
003847
007049
003644
004838
001444
003562
003161
001811
005505
001793
003201
003720
005739
004993
004195
006428
001141
002739
001130
005367
004199
001546
007274
001393
006527
005945
007304
003660
003837
004148
006789
006980
003663
004036
001334
003831
000316
006355
006458
004339
005578
004948
002150
006998
005595
006452
003823
005830
000241
001890
001183
000014
004176
005459
001452
003734
004490
003388
000836
005681
004705
006598
007365
003959
003955
000476
003102
003696
003205
003101
007207
007091
001179
005797
003506
007164
001518
006368
005085
000717
004975
001574
006280
007360
001643
002975
000878
003062
004826
003258
005754
000758
000861
002796
002407
005399
004317
002382
005775
003257
007151
005586
003788
002628
000266
001909
006447
007412
004659
001540
007229
001088
001605
006642
003335
001228
006053
004554
007458
003177
002621
004871
002916
004032
004066
007373
005008
005643
001760
001070
003932
003873
006972
005510
002894
005456
000470
004440
003330
002658
000928
007314
005280
002374
001483
005236
003217
005430
001350
001276
003317
002665
001680
001193
003203
000292
004050
006163
001700
000449
000349
004384
003450
006831
006365
005022
007153
003564
004657
005283
002129
006154
004264
007362
004914
003134
004998
004680
003476
006401
005273
002137
002667
004095
005933
002259
006035
004818
006237
001049
005652
002134
004926
006943
001174
002802
000088
004574
002159
004564
002312
005055
000330
006673
000431
000981
003774
001382
005031
004093
003844
005208
001661
005257
007368
007133
004365
004001
002058
001232
005405
004276
006657
004147
000433
002637
003323
001053
000157
000471
000339
004958
000284
004108
001027
006846
004062
004496
003858
003435
000997
005099
004528
007043
000722
004234
005078
000456
001858
006109
000770
000515
006073
007250
006944
003007
002021
007206
006265
000775
003711
003779
007221
002124
003650
005897
005458
006685
004470
006076
001699
006718
002081
001983
001441
005824
000663
001328
003267
003549
000095
002505
007384
001879
004520
007162
003762
007170
000175
004143
006723
004184
007185
006219
004753
005096
006814
002898
005004
004653
003610
002262
002871
000574
004055
000978
005321
003015
003915
006129
003700
003732
001903
004989
004814
006775
004487
001498
002486
007189
002740
000150
007270
001659
004836
002763
007109
005509
006509
006755
002322
005686
004128
006054
007210
000445
001994
002832
005218
006622
006300
001965
002208
002922
001472
005368
001786
000907
001008
006325
002683
002697
006529
004725
001492
000624
005542
001344
002399
007169
003103
002300
005520
002860
000409
005151
002384
004628
006852
003223
000808
003605
002714
005914
005498
005228
001889
004311
005836
002580
007371
002767
006441
002391
006495
007425
006570
003376
003004
006348
000860
006711
004402
006773
000020
000171
003233
000579
006743
002679
005715
005598
006929
005937
003940
004103
000640
004509
003117
001618
002302
005442
003097
000354
004219
001187
000434
006430
001465
003238
004687
003336
004655
006663
001595
000069
005665
001773
004138
005067
005466
001669
006636
004266
000288
006691
000729
003859
006225
004559
003417
006090
005455
004071
003424
006948
001782
003723
006553
004284
005853
002468
000863
005989
002815
005209
002203
000685
000393
003726
002293
001312
000788
001214
005288
007295
004129
002083
002106
006214
002117
004324
006838
007415
001050
003158
000464
002497
002919
002986
006305
003704
003184
001417
005182
003866
005391
006392
006261
001202
004857
006020
002434
006007
005178
001431
004661
004386
006393
002224
001703
004763
004252
000279
003669
000753
006720
007328
001301
003747
005235
003422
002009
002608
000208
003229
007030
003740
006692
001910
001353
005833
003631
005687
000532
005957
006603
007333
007176
005432
006130
006293
002104
004982
004416
005212
003250
001838
002373
007438
000804
004017
005784
003141
002920
000831
001029
007442
004263
005997
002551
001706
005765
003055
000192
001178
006030
002937
006753
002298
002641
004273
006440
007087
006372
003196
002216
000835
003355
006585
004010
006581
004455
003127
001093
005526
000231
007456
000595
004535
006523
005344
002141
004278
005616
007406
003906
001709
002337
003078
002654
006512
006717
001320
002222
002063
000728
004921
005128
007211
003576
002893
000890
006951
001285
006818
005926
002098
001690
005165
004741
003480
002738
001404
003957
004287
003437
007470
004847
005452
003600
001586
002522
000525
002895
006927
000725
002443
002509
004377
003801
007306
003840
007104
005092
006760
002065
001873
001845
005129
000190
002972
000441
005364
002675
001872
006164
004635
004031
000768
007124
001041
000438
002715
000575
007323
007235
006228
002593
002907
002138
002243
003938
001454
001398
000008
005299
002756
000467
001853
004841
003667
002294
006292
001861
007284
006620
006614
005656
006531
006646
002303
002082
001247
005041
000000
005183
005699
000146
004950
002915
004381
000072
002780
000486
005023
001831
006729
002760
001835
002347
003224
002826
005970
006177
005239
001550
004575
007479
002076
000206
007400
001355
000986
005356
002927
005517
003898
006489
001922
003504
004379
000047
003087
002759
003362
001576
001416
004900
006285
007094
004026
002587
002126
001385
000917
002314
003645
007069
002979
001287
007395
006504
003582
007448
001684
004589
007177
001978
003408
004626
003192
006844
005314
002503
000742
004563
002330
003119
004616
003598
000424
000652
000240
007348
000463
006064
001727
001958
004755
003479
002889
005133
001641
006883
004481
002649
004951
000380
004546
006737
006490
004190
000698
004258
004361
003222
005738
002620
001744
001280
003639
001190
003502
005154
000408
005916
003886
004300
001212
006245
000946
001048
003109
003125
002703
000368
000610
002023
004643
000452
000364
007450
000011
000960
001354
006461
003459
003673
002245
000161
007068
006024
001678
001466
005726
006455
003647
000818
006983
007041
002038
000435
005508
002807
005272
005421
003025
006188
001715
005269
004920
007282
001105
007252
004689
003755
001233
006120
003402
004615
000627
003278
001035
003946
005485
005982
001819
005127
007242
005527
000080
004852
000196
002809
000199
002977
006339
001047
002622
006481
002951
001501
003815
000692
006600
003989
005343
004059
000537
000918
003624
004122
003937
003550
005662
001471
002007
004233
000548
003302
006935
002146
002442
006612
001867
001191
006950
000187
004106
004927
006776
002411
004299
006815
006863
000528
001278
005443
003046
005221
002566
000016
000073
000780
005850
005879
000057
001528
007363
002186
000154
006233
001570
007039
005137
002900
004224
005954
001776
002516
000530
000360
006762
000648
005310
005481
000857
005975
007307
000019
005348
005759
004965
000724
006425
004236
006493
000331
005963
007281
000586
001874
002332
004136
006650
004800
005326
005941
000221
001692
002806
007336
001563
005024
002049
007276
005869
000291
005512
002376
005313
003708
004828
001927
007188
005360
001204
002398
001067
007066
002939
001722
001257
004052
004277
007122
004113
002680
006567
006449
002289
005347
007200
003065
000399
001203
000741
006879
002693
004861
001229
005691
004437
006687
001948
006082
004452
007357
001405
000777
006487
002388
003853
003291
001657
007014
001062
006586
002037
006707
000104
007225
002991
003098
005080
003799
006984
000984
003670
006860
003272
001223
002847
004678
004637
007354
004752
005856
001132
004378
003648
007241
006117
002803
004561
001157
003798
003827
005454
002299
004587
003494
002095
000030
004830
004663
001626
002554
005139
006651
004459
001911
005803
001032
001880
001428
005491
007413
005155
005877
003894
005071
007327
006953
003838
002462
006496
003041
003865
001941
004172
002794
002932
002102
001677
002668
001102
004051
005701
005497
003356
000906
000877
004347
007246
003891
001583
006184
003796
007440
004567
001059
000669
001410
001432
004609
005240
006006
005233
001827
005923
002002
002933
000990
004523
004510
000507
002602
001625
006739
004373
003558
003908
000815
003244
007075
003381
003922
000135
005359
006192
006107
003003
004286
000118
006383
007173
004025
001652
003736
006420
005875
003912
002110
006884
004166
002115
004880
006201
000865
004706
000769
003860
002644
002477
001707
001103
001314
006589
001230
007003
004161
000402
002805
002851
004483
007136
006989
001241
005949
003135
003510
003045
005309
004217
004939
003794
001357
001621
006597
006351
002841
006477
003688
002532
000589
007178
001128
000705
005594
001937
002494
005226
004319
007375
003347
001081
001683
004498
003026
001171
003738
004968
003791
003304
006845
004063
005632
003440
006096
004390
007152
003575
003028
007374
005659
005703
003617
007355
003513
006320
001335
002261
001627
006337
005381
006645
000274
003529
001309
006778
002437
003246
004873
007392
007086
003371
005477
003729
003594
005243
004435
003953
000684
000708
005336
000492
000603
005303
002775
004964
006478
005135
007268
000142
005262
006049
006433
003431
001950
004146
004034
001944
003731
007349
001714
002140
001585
003350
002267
005810
005767
003153
002217
001408
002736
000351
000396
002733
002852
000619
006463
002311
004691
005922
003050
001904
001801
001078
000182
001825
007118
004735
004876
001519
007196
001587
002228
002629
006525
004673
002707
002003
001928
007454
005727
000473
005110
000335
005276
004275
005735
006484
000105
004465
000817
001967
002458
005014
004186
003206
005851
007110
000015
005683
003778
005157
002010
004105
003592
003486
006916
000392
000972
001218
005943
006817
007337
006508
007204
002957
002269
002855
001676
005747
004660
006876
005016
000219
000643
001778
002487
000675
004084
005317
000126
003236
006467
003216
002433
001384
004676
004833
006756
002998
000659
003148
004240
001400
006112
006784
005192
004986
000082
005352
004901
004242
005839
000666
000923
002814
006604
002666
003945
001963
004805
001537
002236
003833
001551
004846
001695
000681
001718
003552
007095
003772
000197
003535
006286
000442
005082
006253
007467
002839
004758
000858
001086
007137
001829
001375
006938
002617
004765
007443
005253
002605
007004
004713
004511
000974
004924
005731
005396
000576
003374
007352
004068
006686
000904
002504
006709
007377
000745
005034
006780
003157
001603
002346
005679
000007
002985
000727
000521
001206
004859
005153
005162
001549
000718
002412
002726
005395
001461
004714
003538
002301
007432
000713
001299
002659
005846
005125
004695
002999
003452
000558
001321
006375
004476
000413
005345
006303
006872
004851
005214
004775
001494
002155
000454
003171
007182
003447
003709
004248
003394
005109
004310
000726
006055
001395
003944
000825
003360
004799
005095
001957
002156
000081
000896
002464
004675
005335
000369
004875
002008
003681
005883
007290
007127
000771
002306
005251
005376
003497
004776
002869
006655
004748
003557
007138
004835
004335
003481
006405
005590
005575
000711
001453
003322
005011
002358
007313
003129
000229
003018
006503
006905
001091
007266
006621
001015
007077
007396
000953
006909
003140
001464
005039
003614
006309
001150
003188
004699
004898
004843
001306
000106
000736
001107
006406
006234
006976
006313
001409
004272
003200
006279
006329
001470
002921
003202
001566
006954
005938
002226
007108
002583
006828
002153
003265
002632
006105
005217
003776
005437
004916
000359
000249
001962
002255
001687
002043
005835
002651
001006
004981
005435
002515
006454
004466
006888
007319
004462
000766
005852
001449
003751
001747
002798
007273
003654
007117
001617
006518
005694
001774
003628
000688
000207
006429
005849
000501
001358
006933
006059
000527
003314
001816
002645
000809
000264
000089
000307
006465
001060
002400
006318
005819
005019
002581
002811
005258
001640
003373
005333
003493
005311
005793
003401
004109
006656
000497
003807
006023
003292
000417
001892
000387
001023
007476
003829
007390
006662
004682
000127
007466
003359
006910
005316
003843
006764
002103
004790
001457
005474
002912
005402
006342
001342
006036
004961
000165
002471
002854
007344
003384
006114
004192
007407
007238
006986
006000
004338
001897
006255
003993
000850
004162
003962
004353
000494
005362
006330
005837
004104
000673
000432
003713
006394
002394
003154
006652
000557
000830
004779
000956
001113
001854
001302
001336
003012
004213
006617
001609
005569
005118
006439
001069
003566
000969
006373
004405
001781
005971
002325
002424
004770
001615
006099
005334
000546
002070
005224
006664
000347
005377
004302
004749
002870
001691
002128
003463
000948
005998
003968
004380
007231
006310
000245
002015
001719
000975
002170
005199
000425
001259
002978
006444
007062
004529
002692
007367
000005
003653
000039
002840
003438
002604
004855
002218
000954
004446
001679
007279
005944
005132
005152
005834
005222
005461
006398
003178
004944
004298
005411
001508
001900
000993
002550
003029
001244
003213
002309
001194
000821
003979
000032
001870
006414
003693
003975
001272
003460
006319
001156
004013
007459
000282
001642
003615
002112
003294
000914
004329
004330
007431
002056
005354
001527
002341
003881
003383
005131
005177
002950
001704
003802
001318
005037
004261
002685
004907
006032
003289
002264
000144
004246
000733
005181
001568
005079
001932
003934
004125
005678
003534
003517
000180
003973
004656
003034
005602
004550
002960
006790
005327
005717
005216
006941
005567
004558
003665
002321
003519
005976
000227
006046
002092
005297
005769
000315
004856
006229
002917
001077
000261
006962
001114
003810
003305
001372
007119
003159
000483
007129
003002
006080
007468
003199
003984
006785
003902
000683
001061
002952
003368
003207
002118
004507
001420
006925
007297
000046
004014
005842
004328
000051
000489
005126
003033
002695
003037
004922
006923
000225
006466
002507
001857
000475
004590
000353
005722
006679
000977
005312
002989
005275
002861
006363
000270
004514
002789
002661
003418
007303
002598
002402
001600
007369
004782
000636
003309
000832
002094
004531
005413
006940
006591
005560
007156
005407
002197
004500
003903
007213
002874
001734
001701
004728
007227
002918
002574
004580
005229
004930
007446
000247
000163
000883
005403
000056
000276
002405
000068
000298
004325
004727
006005
000707
002797
004091
001496
001723
002328
007449
003525
001584
003916
001296
001479
000049
003640
002163
005501
002432
002613
007269
000987
000461
001580
004613
000980
004426
006215
003931
000223
002646
007302
001604
006115
007163
002087
002485
002120
000841
007184
003587
002696
006194
003472
000109
002828
006665
001167
002488
002953
004419
005600
006969
001016
000345
006269
001134
001014
000572
004178
001288
003889
005607
004431
004267
002414
000504
003082
006834
006613
005807
007190
000889
003522
004494
002812
007340
001686
003767
000620
004917
002572
005556
002959
005959
001802
004354
003914
005446
000034
002307
007019
000280
000585
007286
002627
000545
004733
003084
003331
003168
001567
007065
001225
006380
001505
001283
006859
004087
003301
006138
000365
006418
005760
000290
006810
000541
002842
001729
005755
007239
006323
003939
002849
000033
000038
006897
002785
002127
000926
002431
004905
000319
005910
000874
007254
000389
006435
000373
002684
001758
000959
003093
006893
007291
006678
002562
001623
005147
004867
004696
003701
004289
001523
005044
006077
005420
006610
000382
004923
003590
003820
003581
000651
005525
004860
003613
000540
006608
002820
007398
004816
000002
001869
004092
005829
006505
005248
004717
004962
004627
003427
006446
005591
005650
000188
000198
006730
006524
005188
005579
003228
004518
003491
004513
000534
004840
002241
001383
001161
005640
001322
004759
002026
004231
004463
004171
000892
007262
004427
003259
004632
006302
001467
002856
002720
002600
001877
002993
003987
003001
006971
005143
006862
000010
002383
001340
001999
006761
001862
005559
003593
003835
002845
001139
006250
002111
001650
004397
005499
003604
003254
002595
006143
001851
006462
001696
007010
006995
007031
002365
000582
004596
007214
007199
003455
005627
006174
003393
001319
002913
000599
007416
000543
003547
002873
000519
004739
006519
001135
004368
007418
004929
004318
003072
007111
000555
000390
003338
002782
003687
006144
003514
005808
001095
002345
006457
001198
005500
006742
001325
000689
002206
006574
006542
002180
006410
005358
000243
003299
005483
003332
004331
003214
005672
002523
000679
001753
007045
002499
002911
006470
001436
004650
002408
006568
007329
000859
006359
003325
004321
007107
005077
001798
005268
006239
007160
005816
005964
004842
005772
005351
004648
001013
004634
006767
006772
005220
004952
007342
005053
004191
005639
001807
002944
005279
000340
003005
002194
004908
000927
006157
003746
005561
004946
006299
002251
006965
002392
006367
000252
006506
001370
004003
005158
005021
006421
004257
005990
006750
001598
006156
006697
000078
002941
004376
003694
007343
001532
001149
002366
006142
001366
001419
005628
007408
007097
003143
001129
006733
003182
005444
006618
001499
000958
006344
006579
000965
002565
005764
005445
005027
005478
004434
005515
006240
000935
003215
005891
002567
004009
002149
000933
003748
006947
002670
005047
001531
000833
000512
002280
001685
001759
000036
006637
003518
003682
005545
000239
003240
003540
004772
001511
005582
001899
003785
005788
002711
001311
005827
006747
001346
007205
004207
000185
000942
000366
002459
007477
004584
003706
005173
000799
006459
004209
005030
006667
006132
002810
006555
002853
001160
000950
000703
005761
002420
006605
003954
000201
002825
001234
006278
004551
003204
003064
003651
006829
004183
005349
002119
004502
000086
005573
003526
002716
006748
005695
006063
002908
006042
007142
000696
004719
000301
003426
004150
004737
003925
003678
006908
003088
007219
001262
002069
001982
005057
001140
004482
003351
007233
005289
003591
001717
003781
006625
001473
001636
005636
002990
003218
005931
003080
002669
001985
004022
002387
005005
004442
001455
007040
004817
001645
004583
004576
001115
004438
002742
006106
002699
006416
006913
007339
004730
002495
004640
004436
003750
001601
004061
007332
002061
002958
004536
005051
004903
003449
005859
003560
001369
000518
004493
004039
006499
002466
002202
005111
001388
005060
001389
004268
001988
000693
003176
005752
006653
000101
006853
005658
006453
002899
000734
005108
000846
006182
007364
003676
004960
001535
000715
007018
007430
002209
002948
003643
006939
004794
000749
000872
005278
006083
003191
004352
007428
005049
002195
000672
006268
002018
002419
000702
006084
001521
005733
003075
002914
001868
004019
006576
006169
000242
002673
005081
002790
006548
001901
003580
000800
006366
002833
004102
000642
006647
003144
002717
003187
001969
001330
004911
000630
005232
007457
007212
004762
006222
006402
000269
002296
000609
000381
002220
003895
001731
001882
000348
004878
004736
006700
003554
005298
000677
001403
000077
006057
003899
004947
003106
003320
005054
004644
007234
005119
001850
001992
003760
005028
003056
005496
003251
002189
002903
006221
005854
006304
004555
001219
004761
000789
006992
001468
007168
006438
000140
002348
004388
005518
004336
000137
000097
003369
004359
000054
004812
003996
006008
000495
005530
003735
004142
007460
000074
001237
007063
001895
005773
003378
000052
000397
000608
000277
005568
000481
005121
001507
004000
001146
001386
002885
001378
003775
004018
006464
002108
005046
004090
002013
003111
001884
002702
001607
006580
005999
003420
007405
000132
001195
001812
000374
003390
002563
003036
001664
002623
006095
000807
003817
004073
004200
002946
006257
005625
002943
007101
003819
003118
006408
002634
006145
006551
001675
001987
005790
005091
001556
007218
007331
002483
002727
001711
003927
001777
001541
006758
000323
003089
002199
006202
001560
004387
000757
005889
005494
006346
004798
001665
005742
006544
003181
001098
004341
006823
003380
006288
003793
001182
002463
001846
001974
006577
004406
001506
003083
002456
006364
005903
003410
002611
004296
003122
002821
000384
004060
006472
003499
004972
005690
007081
002254
002461
003387
001810
006698
005676
002472
001940
002626
002612
001918
002369
005801
001147
000462
005872
005408
001919
003595
003295
000362
002004
004970
003657
000275
000826
000551
001688
001971
000128
007050
000263
000924
001544
002258
001270
002835
003773
004694
001881
003107
004357
003474
005864
003792
004768
000186
000028
001824
001043
004332
004912
004401
006868
000971
002848
001089
007175
006088
003077
003092
006089
006041
003067
003443
001109
001474
003349
005506
000259
003867
000565
006341
004433
000522
005083
003470
004925
000598
006573
000024
002084
003243
000178
002524
003787
005601
000472
004619
006012
005960
005805
001080
007389
000455
003649
004180
007317
004004
001682
000952
006792
004262
005612
005951
001227
006566
001656
004976
004486
000505
000919
004621
000639
006208
004326
006369
005629
006599
002027
001789
006841
003857
006199
006669
003060
007099
001254
003917
001094
001795
001809
003010
004746
000961
002547
004116
007055
004991
002513
003812
000968
000508
005549
002945
002142
000093
004693
002473
005457
006200
003659
001929
006161
007044
000055
006906
002650
004789
001151
001513
000781
005673
000710
004915
006635
006956
003321
001437
006885
004651
002416
002761
006400
001525
002107
003759
004913
002708
000922
001579
006907
007301
004943
001099
004046
004295
007009
003722
002331
002744
000879
004652
007267
000075
000306
007292
001526
007232
005597
000297
006736
003423
005249
000305
004383
006034
005698
000732
000484
002338
006244
002353
006583
003911
005723
003333
001293
006437
000042
005414
006065
003869
002705
006212
000820
005874
007394
005942
007072
000415
001986
006189
004807
000894
005615
006688
004604
002221
006924
001655
006715
003924
002100
003623
002837
000647
005716
000344
002379
005547
005635
005934
003110
004449
005588
005307
002357
002240
004591
002857
003930
007026
004005
004862
002367
002438
001842
006146
006358
002285
002019
007404
005020
002165
007159
004475
002804
004367
003765
001418
002570
005401
004304
003918
006483
006955
001698
004249
001131
006668
003863
005953
003361
001670
003382
001240
003430
006858
003612
005319
001562
005826
004690
000258
001984
001210
006539
004294
001396
003935
007324
006377
006889
004731
004738
007038
003887
004889
005346
002520
007048
006777
000897
002713
003017
000136
003890
002455
004611
004012
004360
004175
004155
006486
005804
002451
003219
006921
002609
005197
005901
004223
006297
006103
004254
003880
005562
001122
000318
005900
006256
004096
003288
004170
001630
001181
002995
004569
005983
003057
003226
007427
001054
000973
005876
004504
003689
004130
003164
005783
006287
006990
002969
001594
004602
004671
000419
003281
000370
005955
003303
005936
005940
001097
003530
000880
005994
004396
006690
006898
004894
004054
002304
004996
000398
005285
004778
005666
006038
007032
006978
003221
000737
000189
005609
002527
004085
003824
004216
004081
001305
007088
002561
004732
002682
001308
006360
003425
003146
002377
005848
000793
001154
007202
003683
002191
001003
003821
001980
002614
000869
005142
004218
005873
006964
007379
002829
002615
006474
005290
006796
007285
001671
003804
006415
003404
003601
006022
000490
000597
005750
002436
006805
007475
003956
006511
002372
006949
004079
000248
005863
004686
001726
002168
004724
005624
006331
000232
000337
004617
002765
004957
001402
007419
006867
006623
001381
004117
005428
004370
005033
005519
001025
007236
006185
001608
002052
006517
002326
004250
002834
001847
002643
001326
007106
006569
006514
004244
001017
000453
007387
003544
001057
001490
004815
006434
007228
002822
004238
006670
006706
005513
002597
001026
000604
004709
003354
005393
004306
006381
005860
006824
006170
000706
005013
001063
006958
006629
003022
004688
004538
006403
005689
005537
006922
001137
001646
006193
006592
004167
002961
001426
001290
007033
002378
007082
004505
000531
002846
002618
000719
003646
001414
003703
006699
006714
001004
001639
004023
002339
005012
001757
003655
002132
002144
000964
005725
003170
004241
004088
001524
000212
006179
006932
002283
002575
003260
003006
004337
005329
004701
000629
005190
003047
003038
003685
001256
006236
000265
007346
003136
002966
003000
001933
000550
006111
000285
006206
004977
001169
005792
007310
004203
002976
003327
006326
000469
006694
003563
005286
002888
006039
003662
002879
003636
001365
003490
004936
006710
002510
002421
002686
000655
005361
002631
002406
004468
001478
004935
007361
006043
003477
000676
002184
004253
007453
004075
004064
001530
002777
003167
005939
003276
003579
003014
001019
006231
006108
006176
002924
002343
006469
000299
002075
003878
004448
003262
006779
002540
002585
000343
006896
000358
001651
006056
000302
003749
000516
001104
001493
005175
003920
006491
006044
006093
004472
005985
006849
006726
006596
004766
000849
005974
001975
002824
000553
002925
000133
002077
003058
003169
007388
000356
003851
007103
006582
004539
005409
005514
004457
005811
000554
002954
004288
006468
001534
003412
004674
001970
002890
005036
000012
005589
002386
001176
001981
004710
004221
005176
000134
004391
006912
004094
006744
000514
003744
005102
006016
005664
001953
000391
000998
002467
001946
006315
000910
003467
004323
006190
004495
001224
001766
005546
000155
000649
000043
005040
003674
005382
001136
003870
006801
006865
001127
001196
002746
005324
005880
002610
000230
001839
003071
005648
003163
001931
007260
004112
003247
000436
005882
000218
002863
003695
001818
005668
003583
006765
004205
003680
002234
001313
007128
002335
001021
004226
006386
004542
003040
003936
005252
000427
006013
006683
004953
001635
001327
003429
004320
007074
003128
006987
005927
003609
004672
003013
001589
003842
002535
006695
004374
001916
005533
007013
005001
003638
001945
002984
005721
006649
003585
001356
005117
001481
001329
001263
003086
004892
006198
005062
002758
000309
004313
004421
007264
000828
006001
000632
001269
001126
001855
001572
003983
002799
001754
001476
005969
002970
000149
005576
004165
003468
005292
006774
004312
001046
002690
005271
003085
006891
002536
006781
006290
001056
003210
005424
006745
005565
002865
001158
006116
004773
000667
006238
001231
004937
005378
002064
002327
003166
004570
000774
005724
000539
002741
005302
005168
000428
004897
002771
003348
003173
006148
003054
002981
001300
004995
007046
004293
003599
006275
002029
000320
001413
007150
004133
000690
002813
000847
006322
000506
006682
004107
003896
004956
002633
001542
006588
004683
003684
006533
005841
004754
003790
003149
004153
004866
005799
006413
005281
000628
002351
003020
000466
000308
005802
007166
006769
000607
005710
002883
000460
004844
002250
002480
005172
006249
003841
000559
003602
001236
002589
006545
002647
005116
005204
005267
004624
003677
005966
004618
003800
004047
005144
001451
007130
007341
007261
004934
001421
001616
002096
001199
006930
001935
001209
007034
006878
002862
001588
004177
005768
006374
005187
004181
000625
001377
002728
006451
002781
002541
005996
000644
004292
006534
004824
003569
006448
000867
003577
006223
002964
003769
005063
001407
002660
000170
003318
005946
005613
003421
005244
003313
004697
003516
006554
002564
000637
006516
000153
003573
000346
003252
000590
002901
005472
004577
004098
005987
004362
003114
001058
001439
003527
004074
000063
007143
005913
002371
002093
001124
001730
002469
001674
000062
000448
004909
003237
006644
006395
002526
005465
004316
007090
004858
005558
005555
002320
000908
006799
006137
000932
004197
001765
002237
003392
006203
005986
006639
003473
007092
003629
002229
000668
005521
000407
005061
005661
001274
000430
000695
004884
004649
006058
002552
003031
007071
002792
006066
003439
003081
001762
004345
000751
000251
005774
001162
000570
003283
005384
004639
001173
006247
000050
002875
002783
002531
002238
001477
006060
002190
005680
005388
007263
000215
004560
005264
005529
005026
005093
004595
003515
001852
004703
006882
000941
003011
004556
002868
000886
001837
003950
005379
001267
001742
004156
004734
006996
002880
002559
006633
006025
000421
003464
005450
002896
006124
001001
005488
002700
004601
004600
004804
000491
004557
001065
003052
000791
003537
006181
000699
006242
000549
003885
006842
001250
003066
002088
005448
005746
003496
002560
000778
003407
003266
003715
002776
003389
001871
003699
003523
001761
004516
005332
006098
006575
005748
006338
003524
004959
004141
005890
002415
004346
004893
003120
002663
004492
007259
005186
005114
002252
001033
000538
001215
004983
002638
000661
000602
003633
004016
000884
005620
003492
003290
003923
000498
000255
005270
003752
006540
004271
006782
007420
005038
001814
004127
003702
000893
004863
004204
007322
003672
003901
007305
000931
004309
003448
001038
000429
002173
001427
000129
002652
004823
007180
002934
000121
001079
006266
005415
000900
001429
005980
005886
001064
001185
006701
000023
004882
006746
006087
001908
001769
004803
001697
004540
006590
001681
004625
001031
001995
006966
007123
000174
004891
007480
005256
006480
005429
000750
005929
001000
001554
002260
003261
007148
002938
005282
004460
003009
005617
000813
002971
001934
003642
003632
001779
006528
005654
000268
002291
003343
005043
004008
000811
005365
006674
001265
004811
003433
004425
005705
005492
003039
007280
003183
006616
004403
006075
000796
000951
004035
002493
000304
000371
001145
000955
003344
005318
002475
005743
003803
005205
000517
006298
001813
004997
002687
004599
005075
000205
003862
001915
005528
000887
003043
005230
003121
007326
002147
006259
006770
003019
006224
001012
004395
006994
000114
003232
000739
002996
004565
003255
006086
006631
005540
006352
001153
007116
003836
000943
002774
005962
003947
002105
001347
002232
004110
004348
002997
006595
001082
001644
001438
006168
002676
002417
000738
001076
007386
004747
000273
003611
002530
000322
005294
007311
000795
005146
001120
005577
005400
005905
005552
002053
005086
006851
005215